Cple	chr_name	pos_up	pos_down	L	pos_med_up	pos_med_down	l	nb_snps	
3636-2/3636-3	Ca22chr1A_C_albicans_SC5314	296404	296836	433	296450	296454	5	2	
3636-2/3636-3	Ca22chr1A_C_albicans_SC5314	805285	805357	73	805328	805333	6	2	
3636-2/3636-3	Ca22chr1A_C_albicans_SC5314	805357	805407	51	805371	805398	28	4	
3636-2/3636-3	Ca22chr1A_C_albicans_SC5314	806028	806127	100	806082	806084	3	2	
3636-2/3636-3	Ca22chr1A_C_albicans_SC5314	843371	843434	64	843389	843398	10	3	
3636-2/3636-3	Ca22chr1A_C_albicans_SC5314	843452	843752	301	843455	843554	100	11	
3636-2/3636-3	Ca22chr1A_C_albicans_SC5314	1021216	1021591	376	1021249	1021565	317	5	
3636-2/3636-3	Ca22chr1A_C_albicans_SC5314	1036611	1038181	1571	1036636	1036639	4	2	
3636-2/3636-3	Ca22chr1A_C_albicans_SC5314	1255875	1256044	170	1255884	1255942	59	3	
3636-2/3636-3	Ca22chr1A_C_albicans_SC5314	1684111	1684133	23	1684117	1684121	5	2	
3636-2/3636-3	Ca22chr1A_C_albicans_SC5314	1684133	1684213	81	1684148	1684151	4	2	
3636-2/3636-3	Ca22chr1A_C_albicans_SC5314	1684397	1684436	40	1684405	1684406	2	2	
3636-2/3636-3	Ca22chr1A_C_albicans_SC5314	1684546	1684889	344	1684758	1684767	10	2	
3636-2/3636-3	Ca22chr1A_C_albicans_SC5314	1685885	1686059	175	1685972	1686047	76	13	
3636-2/3636-3	Ca22chr1A_C_albicans_SC5314	3032018	3032528	511	3032123	3032147	25	6	
3636-2/3636-3	Ca22chr2A_C_albicans_SC5314	403251	403417	167	403390	403394	5	2	
3636-2/3636-3	Ca22chr2A_C_albicans_SC5314	403426	459192	55767	403559	403561	3	2	
3636-2/3636-3	Ca22chr2A_C_albicans_SC5314	764285	773781	9497	767362	767369	8	3	
3636-2/3636-3	Ca22chr2A_C_albicans_SC5314	2146110	2146458	349	2146215	2146346	132	4	
3636-2/3636-3	Ca22chr3A_C_albicans_SC5314	25181	28562	3382	27386	27393	8	3	
3636-2/3636-3	Ca22chr3A_C_albicans_SC5314	566612	566847	236	566640	566708	69	7	
3636-2/3636-3	Ca22chr3A_C_albicans_SC5314	683689	684083	395	683969	683982	14	5	
3636-2/3636-3	Ca22chr3A_C_albicans_SC5314	888911	889236	326	889165	889222	58	5	
3636-2/3636-3	Ca22chr3A_C_albicans_SC5314	1147053	1147503	451	1147422	1147423	2	2	
3636-2/3636-3	Ca22chr3A_C_albicans_SC5314	1278936	1281361	2426	1280655	1280671	17	5	
3636-2/3636-3	Ca22chr3A_C_albicans_SC5314	1407065	1408212	1148	1408014	1408036	23	5	
3636-2/3636-3	Ca22chr3A_C_albicans_SC5314	1448995	1450909	1915	1449680	1449708	29	3	
3636-2/3636-3	Ca22chr4A_C_albicans_SC5314	833450	833485	36	833461	833480	20	5	
3636-2/3636-3	Ca22chr4A_C_albicans_SC5314	1194276	1194697	422	1194327	1194367	41	7	
3636-2/3636-3	Ca22chr4A_C_albicans_SC5314	1197752	1197768	17	1197760	1197761	2	2	
3636-2/3636-3	Ca22chr4A_C_albicans_SC5314	1197797	1198106	310	1198058	1198084	27	5	
3636-2/3636-3	Ca22chr4A_C_albicans_SC5314	1597444	1598550	1107	1597471	1597480	10	3	
3636-2/3636-3	Ca22chr5A_C_albicans_SC5314	370676	371888	1213	371333	371767	435	2	
3636-2/3636-3	Ca22chr5A_C_albicans_SC5314	494119	494793	675	494141	494159	19	3	
3636-2/3636-3	Ca22chr5A_C_albicans_SC5314	725708	731738	6031	725762	725784	23	2	
3636-2/3636-3	Ca22chr5A_C_albicans_SC5314	745735	747044	1310	747013	747018	6	2	
3636-2/3636-3	Ca22chr5A_C_albicans_SC5314	1185269	1185339	71	1185274	1185282	9	3	
3636-2/3636-3	Ca22chr6A_C_albicans_SC5314	192967	193129	163	192985	193006	22	2	
3636-2/3636-3	Ca22chr6A_C_albicans_SC5314	198335	198730	396	198373	198448	76	17	
3636-2/3636-3	Ca22chr6A_C_albicans_SC5314	485074	485340	267	485088	485101	14	2	
3636-2/3636-3	Ca22chr6A_C_albicans_SC5314	860132	862147	2016	861924	861925	2	2	
3636-2/3636-3	Ca22chr6A_C_albicans_SC5314	862553	862594	42	862565	862589	25	2	
3636-2/3636-3	Ca22chr6A_C_albicans_SC5314	863107	864017	911	863965	864010	46	5	
3636-2/3636-3	Ca22chr6A_C_albicans_SC5314	869651	869971	321	869887	869914	28	4	
3636-2/3636-3	Ca22chr6A_C_albicans_SC5314	869999	870469	471	870014	870283	270	3	
3636-2/3636-3	Ca22chr6A_C_albicans_SC5314	872000	872170	171	872008	872070	63	8	
3636-2/3636-3	Ca22chr6A_C_albicans_SC5314	872285	872864	580	872764	872855	92	10	
3636-2/3636-3	Ca22chr6A_C_albicans_SC5314	873067	873195	129	873150	873193	44	5	
3636-2/3636-3	Ca22chr6A_C_albicans_SC5314	874835	874986	152	874925	874939	15	3	
3636-2/3636-3	Ca22chr7A_C_albicans_SC5314	233736	233878	143	233758	233861	104	7	
3636-2/3636-3	Ca22chr7A_C_albicans_SC5314	238486	238869	384	238490	238617	128	5	
3636-2/3636-3	Ca22chr7A_C_albicans_SC5314	239123	239733	611	239370	239406	37	2	
3636-2/3636-3	Ca22chr7A_C_albicans_SC5314	243179	243209	31	243187	243195	9	2	
3636-2/3636-3	Ca22chr7A_C_albicans_SC5314	577715	577747	33	577736	577746	11	2	
3636-2/3636-3	Ca22chr7A_C_albicans_SC5314	577747	577811	65	577770	577796	27	3	
3636-2/3636-3	Ca22chr7A_C_albicans_SC5314	577961	577986	26	577972	577982	11	2	
3636-2/3636-3	Ca22chr7A_C_albicans_SC5314	581143	581233	91	581157	581230	74	4	
3636-2/3636-3	Ca22chr7A_C_albicans_SC5314	581233	581247	15	581234	581240	7	2	
3636-2/3636-3	Ca22chr7A_C_albicans_SC5314	581301	581362	62	581326	581332	7	3	
3636-2/3636-3	Ca22chr7A_C_albicans_SC5314	584520	584937	418	584564	584745	182	2	
3636-2/3636-3	Ca22chrRA_C_albicans_SC5314	804029	804245	217	804207	804217	11	5	
3636-2/3636-3	Ca22chrRA_C_albicans_SC5314	1129249	1130517	1269	1130100	1130109	10	2	
3636-2/3636-3	Ca22chrRA_C_albicans_SC5314	1354233	1354334	102	1354235	1354244	10	3	
3636-2/3636-3	Ca22chrRA_C_albicans_SC5314	1356295	1356446	152	1356417	1356430	14	2	
3636-2/3636-3	Ca22chrRA_C_albicans_SC5314	1356446	1356499	54	1356449	1356473	25	2	
3636-2/3636-3	Ca22chrRA_C_albicans_SC5314	1357593	1357682	90	1357620	1357624	5	2	
3636-2/3636-3	Ca22chrRA_C_albicans_SC5314	1458249	1460024	1776	1458563	1458573	11	5	
3636-2/3636-1	Ca22chr1A_C_albicans_SC5314	7266	11104	3839	7606	7651	46	4	
3636-2/3636-1	Ca22chr1A_C_albicans_SC5314	296404	296836	433	296450	296454	5	2	
3636-2/3636-1	Ca22chr1A_C_albicans_SC5314	805285	805357	73	805328	805333	6	2	
3636-2/3636-1	Ca22chr1A_C_albicans_SC5314	805357	805407	51	805371	805398	28	4	
3636-2/3636-1	Ca22chr1A_C_albicans_SC5314	843452	843752	301	843455	843554	100	11	
3636-2/3636-1	Ca22chr1A_C_albicans_SC5314	1021216	1021591	376	1021249	1021565	317	5	
3636-2/3636-1	Ca22chr1A_C_albicans_SC5314	1255730	1256044	315	1255790	1255942	153	9	
3636-2/3636-1	Ca22chr1A_C_albicans_SC5314	1682401	1683824	1424	1682403	1682414	12	5	
3636-2/3636-1	Ca22chr1A_C_albicans_SC5314	1684001	1684133	133	1684107	1684121	15	4	
3636-2/3636-1	Ca22chr1A_C_albicans_SC5314	1684133	1684213	81	1684148	1684151	4	2	
3636-2/3636-1	Ca22chr1A_C_albicans_SC5314	1684474	1684889	416	1684758	1684767	10	2	
3636-2/3636-1	Ca22chr1A_C_albicans_SC5314	1684943	1684988	46	1684948	1684950	3	2	
3636-2/3636-1	Ca22chr1A_C_albicans_SC5314	1685918	1685983	66	1685972	1685982	11	3	
3636-2/3636-1	Ca22chr1A_C_albicans_SC5314	1685991	1685999	9	1685992	1685995	4	2	
3636-2/3636-1	Ca22chr1A_C_albicans_SC5314	1685999	1686014	16	1686009	1686011	3	2	
3636-2/3636-1	Ca22chr1A_C_albicans_SC5314	1686020	1686099	80	1686032	1686059	28	4	
3636-2/3636-1	Ca22chr1A_C_albicans_SC5314	1693727	1693956	230	1693874	1693897	24	2	
3636-2/3636-1	Ca22chr1A_C_albicans_SC5314	3032018	3032528	511	3032123	3032147	25	6	
3636-2/3636-1	Ca22chr2A_C_albicans_SC5314	333603	403251	69649	333860	333880	21	5	
3636-2/3636-1	Ca22chr2A_C_albicans_SC5314	763841	773781	9941	767362	767369	8	3	
3636-2/3636-1	Ca22chr2A_C_albicans_SC5314	2086291	2086388	98	2086336	2086340	5	2	
3636-2/3636-1	Ca22chr2A_C_albicans_SC5314	2141082	2141312	231	2141245	2141281	37	5	
3636-2/3636-1	Ca22chr2A_C_albicans_SC5314	2146110	2146458	349	2146215	2146346	132	4	
3636-2/3636-1	Ca22chr3A_C_albicans_SC5314	260517	279622	19106	270935	270941	7	3	
3636-2/3636-1	Ca22chr3A_C_albicans_SC5314	683969	684083	115	683976	683982	7	4	
3636-2/3636-1	Ca22chr3A_C_albicans_SC5314	889435	889629	195	889526	889542	17	3	
3636-2/3636-1	Ca22chr3A_C_albicans_SC5314	889656	889726	71	889692	889707	16	3	
3636-2/3636-1	Ca22chr3A_C_albicans_SC5314	949510	951170	1661	949514	949536	23	3	
3636-2/3636-1	Ca22chr3A_C_albicans_SC5314	1147053	1147503	451	1147422	1147423	2	2	
3636-2/3636-1	Ca22chr3A_C_albicans_SC5314	1448995	1450909	1915	1449680	1449708	29	3	
3636-2/3636-1	Ca22chr4A_C_albicans_SC5314	1107995	1108225	231	1108040	1108046	7	4	
3636-2/3636-1	Ca22chr4A_C_albicans_SC5314	1154012	1154887	876	1154624	1154630	7	2	
3636-2/3636-1	Ca22chr4A_C_albicans_SC5314	1177774	1177918	145	1177840	1177842	3	2	
3636-2/3636-1	Ca22chr4A_C_albicans_SC5314	1194276	1194697	422	1194327	1194367	41	7	
3636-2/3636-1	Ca22chr4A_C_albicans_SC5314	1194766	1194821	56	1194801	1194807	7	2	
3636-2/3636-1	Ca22chr4A_C_albicans_SC5314	1197752	1197768	17	1197760	1197761	2	2	
3636-2/3636-1	Ca22chr4A_C_albicans_SC5314	1197797	1198106	310	1198058	1198084	27	5	
3636-2/3636-1	Ca22chr4A_C_albicans_SC5314	1199578	1199620	43	1199583	1199612	30	3	
3636-2/3636-1	Ca22chr5A_C_albicans_SC5314	370676	371888	1213	371333	371767	435	2	
3636-2/3636-1	Ca22chr5A_C_albicans_SC5314	1185274	1185339	66	1185280	1185282	3	2	
3636-2/3636-1	Ca22chr6A_C_albicans_SC5314	198442	198730	289	198447	198448	2	2	
3636-2/3636-1	Ca22chr6A_C_albicans_SC5314	200763	200853	91	200810	200832	23	4	
3636-2/3636-1	Ca22chr6A_C_albicans_SC5314	485074	485340	267	485088	485101	14	2	
3636-2/3636-1	Ca22chr6A_C_albicans_SC5314	863107	864017	911	863965	864010	46	5	
3636-2/3636-1	Ca22chr6A_C_albicans_SC5314	869651	870272	622	869887	870014	128	5	
3636-2/3636-1	Ca22chr6A_C_albicans_SC5314	872000	872170	171	872008	872070	63	8	
3636-2/3636-1	Ca22chr6A_C_albicans_SC5314	872840	872864	25	872845	872855	11	3	
3636-2/3636-1	Ca22chr7A_C_albicans_SC5314	237428	237561	134	237551	237554	4	2	
3636-2/3636-1	Ca22chr7A_C_albicans_SC5314	237563	237601	39	237570	237592	23	2	
3636-2/3636-1	Ca22chr7A_C_albicans_SC5314	237628	237666	39	237631	237660	30	8	
3636-2/3636-1	Ca22chr7A_C_albicans_SC5314	243077	243294	218	243083	243195	113	12	
3636-2/3636-1	Ca22chr7A_C_albicans_SC5314	494182	495957	1776	495765	495798	34	7	
3636-2/3636-1	Ca22chr7A_C_albicans_SC5314	577850	580105	2256	577961	577989	29	5	
3636-2/3636-1	Ca22chr7A_C_albicans_SC5314	584520	584949	430	584564	584944	381	4	
3636-2/3636-1	Ca22chrRA_C_albicans_SC5314	675181	675284	104	675215	675243	29	3	
3636-2/3636-1	Ca22chrRA_C_albicans_SC5314	804029	804245	217	804207	804217	11	5	
3636-2/3636-1	Ca22chrRA_C_albicans_SC5314	1129249	1130517	1269	1130100	1130109	10	2	
3636-2/3636-1	Ca22chrRA_C_albicans_SC5314	1350533	1350703	171	1350634	1350635	2	2	
3636-2/3636-1	Ca22chrRA_C_albicans_SC5314	1354233	1354334	102	1354235	1354244	10	3	
3636-2/3636-1	Ca22chrRA_C_albicans_SC5314	1355336	1355519	184	1355458	1355492	35	4	
3636-2/3636-1	Ca22chrRA_C_albicans_SC5314	1356200	1356417	218	1356251	1356295	45	11	
3636-2/3636-1	Ca22chrRA_C_albicans_SC5314	1356883	1357176	294	1357145	1357157	13	3	
3636-2/3636-1	Ca22chrRA_C_albicans_SC5314	1357578	1357682	105	1357593	1357624	32	3	
3636-2/3636-1	Ca22chrRA_C_albicans_SC5314	1357798	1357890	93	1357801	1357806	6	3	
3636-2/3636-1	Ca22chrRA_C_albicans_SC5314	1458249	1460024	1776	1458563	1458573	11	5	
3636-3/3636-1	Ca22chr1A_C_albicans_SC5314	7266	11104	3839	7531	7651	121	7	
3636-3/3636-1	Ca22chr1A_C_albicans_SC5314	867646	867673	28	867664	867670	7	3	
3636-3/3636-1	Ca22chr1A_C_albicans_SC5314	1255730	1256044	315	1255790	1255875	86	6	
3636-3/3636-1	Ca22chr1A_C_albicans_SC5314	1682401	1683824	1424	1682403	1682414	12	5	
3636-3/3636-1	Ca22chr1A_C_albicans_SC5314	1684001	1684131	131	1684107	1684111	5	2	
3636-3/3636-1	Ca22chr1A_C_albicans_SC5314	1684474	1684889	416	1684526	1684546	21	5	
3636-3/3636-1	Ca22chr1A_C_albicans_SC5314	1684943	1684988	46	1684948	1684950	3	2	
3636-3/3636-1	Ca22chr1A_C_albicans_SC5314	1689850	1692186	2337	1689870	1689872	3	2	
3636-3/3636-1	Ca22chr1A_C_albicans_SC5314	1693727	1693956	230	1693874	1693897	24	2	
3636-3/3636-1	Ca22chr1A_C_albicans_SC5314	2332978	2333137	160	2332996	2333002	7	3	
3636-3/3636-1	Ca22chr1A_C_albicans_SC5314	2573039	2573153	115	2573069	2573073	5	2	
3636-3/3636-1	Ca22chr1A_C_albicans_SC5314	2801606	2801860	255	2801712	2801742	31	6	
3636-3/3636-1	Ca22chr2A_C_albicans_SC5314	333603	403251	69649	333860	333880	21	5	
3636-3/3636-1	Ca22chr2A_C_albicans_SC5314	763841	773781	9941	764282	764285	4	2	
3636-3/3636-1	Ca22chr2A_C_albicans_SC5314	1950278	1951833	1556	1951707	1951752	46	2	
3636-3/3636-1	Ca22chr2A_C_albicans_SC5314	2086291	2086388	98	2086336	2086340	5	2	
3636-3/3636-1	Ca22chr2A_C_albicans_SC5314	2140842	2140966	125	2140943	2140962	20	4	
3636-3/3636-1	Ca22chr2A_C_albicans_SC5314	2141082	2141312	231	2141253	2141281	29	4	
3636-3/3636-1	Ca22chr2A_C_albicans_SC5314	2146500	2146677	178	2146506	2146511	6	3	
3636-3/3636-1	Ca22chr2A_C_albicans_SC5314	2151354	2151434	81	2151414	2151418	5	2	
3636-3/3636-1	Ca22chr3A_C_albicans_SC5314	260517	279622	19106	270935	270941	7	3	
3636-3/3636-1	Ca22chr3A_C_albicans_SC5314	597165	597579	415	597297	597313	17	4	
3636-3/3636-1	Ca22chr3A_C_albicans_SC5314	889435	889629	195	889526	889542	17	3	
3636-3/3636-1	Ca22chr3A_C_albicans_SC5314	889656	889726	71	889692	889707	16	3	
3636-3/3636-1	Ca22chr3A_C_albicans_SC5314	889726	889987	262	889884	889907	24	3	
3636-3/3636-1	Ca22chr3A_C_albicans_SC5314	949510	951170	1661	949514	949539	26	5	
3636-3/3636-1	Ca22chr3A_C_albicans_SC5314	1410458	1411484	1027	1410462	1410471	10	4	
3636-3/3636-1	Ca22chr4A_C_albicans_SC5314	849832	850253	422	849853	849854	2	2	
3636-3/3636-1	Ca22chr4A_C_albicans_SC5314	1107995	1108225	231	1108040	1108046	7	4	
3636-3/3636-1	Ca22chr4A_C_albicans_SC5314	1154012	1154887	876	1154624	1154630	7	2	
3636-3/3636-1	Ca22chr4A_C_albicans_SC5314	1177774	1177918	145	1177840	1177842	3	2	
3636-3/3636-1	Ca22chr4A_C_albicans_SC5314	1194766	1194821	56	1194801	1194807	7	2	
3636-3/3636-1	Ca22chr4A_C_albicans_SC5314	1199578	1199620	43	1199583	1199612	30	3	
3636-3/3636-1	Ca22chr4A_C_albicans_SC5314	1208823	1208948	126	1208878	1208881	4	2	
3636-3/3636-1	Ca22chr5A_C_albicans_SC5314	723998	724249	252	724003	724019	17	4	
3636-3/3636-1	Ca22chr5A_C_albicans_SC5314	1182407	1184689	2283	1182410	1182416	7	2	
3636-3/3636-1	Ca22chr6A_C_albicans_SC5314	193570	194384	815	193662	193759	98	17	
3636-3/3636-1	Ca22chr6A_C_albicans_SC5314	199540	200358	819	199622	200140	519	9	
3636-3/3636-1	Ca22chr6A_C_albicans_SC5314	200763	200853	91	200810	200832	23	4	
3636-3/3636-1	Ca22chr6A_C_albicans_SC5314	783814	784132	319	783856	783865	10	3	
3636-3/3636-1	Ca22chr6A_C_albicans_SC5314	799039	801150	2112	799098	799142	45	8	
3636-3/3636-1	Ca22chr6A_C_albicans_SC5314	801197	801520	324	801418	801474	57	9	
3636-3/3636-1	Ca22chr6A_C_albicans_SC5314	869651	870272	622	869971	869999	29	2	
3636-3/3636-1	Ca22chr6A_C_albicans_SC5314	870873	870978	106	870893	870960	68	7	
3636-3/3636-1	Ca22chr7A_C_albicans_SC5314	229473	230272	800	229923	230226	304	4	
3636-3/3636-1	Ca22chr7A_C_albicans_SC5314	237428	237561	134	237551	237554	4	2	
3636-3/3636-1	Ca22chr7A_C_albicans_SC5314	237563	237601	39	237570	237592	23	2	
3636-3/3636-1	Ca22chr7A_C_albicans_SC5314	237628	237666	39	237631	237660	30	8	
3636-3/3636-1	Ca22chr7A_C_albicans_SC5314	238301	238400	100	238316	238334	19	4	
3636-3/3636-1	Ca22chr7A_C_albicans_SC5314	240492	240569	78	240502	240533	32	8	
3636-3/3636-1	Ca22chr7A_C_albicans_SC5314	243077	243294	218	243083	243209	127	11	
3636-3/3636-1	Ca22chr7A_C_albicans_SC5314	268427	272054	3628	269513	271209	1697	7	
3636-3/3636-1	Ca22chr7A_C_albicans_SC5314	494182	495957	1776	495765	495798	34	7	
3636-3/3636-1	Ca22chr7A_C_albicans_SC5314	574480	575043	564	574990	574993	4	3	
3636-3/3636-1	Ca22chr7A_C_albicans_SC5314	575416	577712	2297	575713	575716	4	2	
3636-3/3636-1	Ca22chr7A_C_albicans_SC5314	577850	580105	2256	577961	577986	26	2	
3636-3/3636-1	Ca22chr7A_C_albicans_SC5314	580235	580309	75	580237	580247	11	2	
3636-3/3636-1	Ca22chr7A_C_albicans_SC5314	584520	584949	430	584937	584944	8	2	
3636-3/3636-1	Ca22chr7A_C_albicans_SC5314	794585	795304	720	794637	794672	36	7	
3636-3/3636-1	Ca22chr7A_C_albicans_SC5314	944457	944800	344	944759	944796	38	5	
3636-3/3636-1	Ca22chrRA_C_albicans_SC5314	675181	675284	104	675215	675243	29	3	
3636-3/3636-1	Ca22chrRA_C_albicans_SC5314	1350341	1350533	193	1350376	1350382	7	2	
3636-3/3636-1	Ca22chrRA_C_albicans_SC5314	1350533	1350703	171	1350634	1350635	2	2	
3636-3/3636-1	Ca22chrRA_C_albicans_SC5314	1355336	1355519	184	1355458	1355508	51	5	
3636-3/3636-1	Ca22chrRA_C_albicans_SC5314	1356200	1356417	218	1356251	1356295	45	11	
3636-3/3636-1	Ca22chrRA_C_albicans_SC5314	1356883	1357176	294	1356934	1357156	223	3	
3636-3/3636-1	Ca22chrRA_C_albicans_SC5314	1357798	1357890	93	1357801	1357806	6	3	
3636-3/3636-1	Ca22chrRA_C_albicans_SC5314	1406826	1407297	472	1406828	1406837	10	3	
3636-3/3636-1	Ca22chrRA_C_albicans_SC5314	1711080	1711172	93	1711101	1711162	62	2	
3636-3/3636-2	Ca22chr1A_C_albicans_SC5314	7266	7606	341	7531	7542	12	3	
3636-3/3636-2	Ca22chr1A_C_albicans_SC5314	855284	855406	123	855368	855373	6	3	
3636-3/3636-2	Ca22chr1A_C_albicans_SC5314	867646	871903	4258	867664	867670	7	3	
3636-3/3636-2	Ca22chr1A_C_albicans_SC5314	1684406	1684758	353	1684436	1684546	111	15	
3636-3/3636-2	Ca22chr1A_C_albicans_SC5314	1689850	1692186	2337	1689870	1689872	3	2	
3636-3/3636-2	Ca22chr1A_C_albicans_SC5314	2332978	2333137	160	2332996	2333002	7	3	
3636-3/3636-2	Ca22chr1A_C_albicans_SC5314	2573039	2573153	115	2573069	2573073	5	2	
3636-3/3636-2	Ca22chr1A_C_albicans_SC5314	2801606	2801860	255	2801712	2801742	31	6	
3636-3/3636-2	Ca22chr1A_C_albicans_SC5314	2802659	2803319	661	2803240	2803241	2	2	
3636-3/3636-2	Ca22chr1A_C_albicans_SC5314	2946482	2946909	428	2946515	2946545	31	5	
3636-3/3636-2	Ca22chr2A_C_albicans_SC5314	754810	767362	12553	764282	764285	4	2	
3636-3/3636-2	Ca22chr2A_C_albicans_SC5314	1950278	1951833	1556	1951707	1951752	46	2	
3636-3/3636-2	Ca22chr2A_C_albicans_SC5314	1952521	1952871	351	1952712	1952756	45	2	
3636-3/3636-2	Ca22chr2A_C_albicans_SC5314	2140842	2140966	125	2140943	2140962	20	4	
3636-3/3636-2	Ca22chr2A_C_albicans_SC5314	2146506	2146745	240	2146508	2146511	4	2	
3636-3/3636-2	Ca22chr2A_C_albicans_SC5314	2149469	2149664	196	2149582	2149606	25	3	
3636-3/3636-2	Ca22chr2A_C_albicans_SC5314	2151354	2151434	81	2151414	2151418	5	2	
3636-3/3636-2	Ca22chr3A_C_albicans_SC5314	592695	592782	88	592703	592773	71	8	
3636-3/3636-2	Ca22chr3A_C_albicans_SC5314	597165	597579	415	597297	597313	17	4	
3636-3/3636-2	Ca22chr3A_C_albicans_SC5314	889726	889987	262	889884	889907	24	3	
3636-3/3636-2	Ca22chr3A_C_albicans_SC5314	949536	951170	1635	949538	949539	2	2	
3636-3/3636-2	Ca22chr3A_C_albicans_SC5314	1410429	1411484	1056	1410450	1410471	22	7	
3636-3/3636-2	Ca22chr3A_C_albicans_SC5314	1448048	1448061	14	1448057	1448060	4	2	
3636-3/3636-2	Ca22chr4A_C_albicans_SC5314	849832	850253	422	849853	849854	2	2	
3636-3/3636-2	Ca22chr4A_C_albicans_SC5314	1195376	1195532	157	1195382	1195404	23	6	
3636-3/3636-2	Ca22chr4A_C_albicans_SC5314	1198084	1198143	60	1198106	1198123	18	2	
3636-3/3636-2	Ca22chr4A_C_albicans_SC5314	1203325	1203385	61	1203355	1203370	16	2	
3636-3/3636-2	Ca22chr4A_C_albicans_SC5314	1208823	1208925	103	1208878	1208881	4	2	
3636-3/3636-2	Ca22chr4A_C_albicans_SC5314	1208925	1208993	69	1208948	1208962	15	3	
3636-3/3636-2	Ca22chr5A_C_albicans_SC5314	173044	173533	490	173152	173195	44	7	
3636-3/3636-2	Ca22chr5A_C_albicans_SC5314	495023	495169	147	495046	495129	84	10	
3636-3/3636-2	Ca22chr5A_C_albicans_SC5314	723909	724249	341	723970	724019	50	7	
3636-3/3636-2	Ca22chr5A_C_albicans_SC5314	969130	969186	57	969155	969166	12	2	
3636-3/3636-2	Ca22chr5A_C_albicans_SC5314	1165990	1184689	18700	1182395	1182416	22	3	
3636-3/3636-2	Ca22chr6A_C_albicans_SC5314	160746	160986	241	160788	160794	7	3	
3636-3/3636-2	Ca22chr6A_C_albicans_SC5314	193570	194384	815	193662	193759	98	17	
3636-3/3636-2	Ca22chr6A_C_albicans_SC5314	199622	200358	737	200053	200140	88	8	
3636-3/3636-2	Ca22chr6A_C_albicans_SC5314	562691	563689	999	563630	563636	7	2	
3636-3/3636-2	Ca22chr6A_C_albicans_SC5314	748353	750825	2473	750773	750799	27	6	
3636-3/3636-2	Ca22chr6A_C_albicans_SC5314	783814	784132	319	783856	783865	10	3	
3636-3/3636-2	Ca22chr6A_C_albicans_SC5314	796872	797096	225	797001	797074	74	10	
3636-3/3636-2	Ca22chr6A_C_albicans_SC5314	799039	801520	2482	799098	801474	2377	29	
3636-3/3636-2	Ca22chr6A_C_albicans_SC5314	869914	870014	101	869971	869999	29	2	
3636-3/3636-2	Ca22chr6A_C_albicans_SC5314	870873	870960	88	870893	870929	37	6	
3636-3/3636-2	Ca22chr7A_C_albicans_SC5314	7772	17956	10185	12124	12727	604	13	
3636-3/3636-2	Ca22chr7A_C_albicans_SC5314	229473	230016	544	229923	229940	18	2	
3636-3/3636-2	Ca22chr7A_C_albicans_SC5314	238301	238401	101	238316	238400	85	5	
3636-3/3636-2	Ca22chr7A_C_albicans_SC5314	239733	240049	317	239827	239873	47	4	
3636-3/3636-2	Ca22chr7A_C_albicans_SC5314	240492	240569	78	240502	240533	32	8	
3636-3/3636-2	Ca22chr7A_C_albicans_SC5314	268427	272054	3628	269513	271209	1697	7	
3636-3/3636-2	Ca22chr7A_C_albicans_SC5314	574480	575043	564	574990	574993	4	3	
3636-3/3636-2	Ca22chr7A_C_albicans_SC5314	575416	575895	480	575713	575716	4	2	
3636-3/3636-2	Ca22chr7A_C_albicans_SC5314	580235	580309	75	580237	580247	11	2	
3636-3/3636-2	Ca22chr7A_C_albicans_SC5314	581240	581268	29	581247	581265	19	2	
3636-3/3636-2	Ca22chr7A_C_albicans_SC5314	794585	795024	440	794637	794672	36	7	
3636-3/3636-2	Ca22chr7A_C_albicans_SC5314	944449	944800	352	944453	944796	344	8	
3636-3/3636-2	Ca22chrRA_C_albicans_SC5314	395674	396211	538	395780	395909	130	12	
3636-3/3636-2	Ca22chrRA_C_albicans_SC5314	510753	510951	199	510882	510885	4	2	
3636-3/3636-2	Ca22chrRA_C_albicans_SC5314	594812	595034	223	594996	595020	25	2	
3636-3/3636-2	Ca22chrRA_C_albicans_SC5314	849654	849890	237	849756	849783	28	3	
3636-3/3636-2	Ca22chrRA_C_albicans_SC5314	1356801	1357145	345	1356817	1356934	118	10	
3636-3/3636-2	Ca22chrRA_C_albicans_SC5314	1406070	1407297	1228	1406791	1406837	47	8	
3636-1/3636-2	Ca22chr1A_C_albicans_SC5314	6088	6835	748	6783	6802	20	3	
3636-1/3636-2	Ca22chr1A_C_albicans_SC5314	843398	843434	37	843413	843428	16	3	
3636-1/3636-2	Ca22chr1A_C_albicans_SC5314	855284	855406	123	855368	855373	6	3	
3636-1/3636-2	Ca22chr1A_C_albicans_SC5314	867646	871903	4258	867673	867697	25	6	
3636-1/3636-2	Ca22chr1A_C_albicans_SC5314	1684373	1684397	25	1684391	1684396	6	2	
3636-1/3636-2	Ca22chr1A_C_albicans_SC5314	1684406	1684758	353	1684418	1684474	57	13	
3636-1/3636-2	Ca22chr1A_C_albicans_SC5314	1685885	1685972	88	1685910	1685918	9	2	
3636-1/3636-2	Ca22chr1A_C_albicans_SC5314	1685982	1685992	11	1685983	1685991	9	2	
3636-1/3636-2	Ca22chr1A_C_albicans_SC5314	2223328	2223397	70	2223349	2223379	31	9	
3636-1/3636-2	Ca22chr1A_C_albicans_SC5314	2946482	2946909	428	2946515	2946545	31	5	
3636-1/3636-2	Ca22chr2A_C_albicans_SC5314	1952521	1952871	351	1952712	1952756	45	2	
3636-1/3636-2	Ca22chr2A_C_albicans_SC5314	2141531	2141678	148	2141645	2141647	3	2	
3636-1/3636-2	Ca22chr2A_C_albicans_SC5314	2142024	2142164	141	2142047	2142095	49	3	
3636-1/3636-2	Ca22chr2A_C_albicans_SC5314	2146506	2146745	240	2146677	2146692	16	3	
3636-1/3636-2	Ca22chr2A_C_albicans_SC5314	2149469	2149664	196	2149582	2149606	25	3	
3636-1/3636-2	Ca22chr3A_C_albicans_SC5314	592695	592782	88	592703	592773	71	8	
3636-1/3636-2	Ca22chr3A_C_albicans_SC5314	663332	667364	4033	663468	663480	13	3	
3636-1/3636-2	Ca22chr3A_C_albicans_SC5314	1289160	1289524	365	1289409	1289413	5	2	
3636-1/3636-2	Ca22chr3A_C_albicans_SC5314	1410429	1411484	1056	1410450	1410458	9	3	
3636-1/3636-2	Ca22chr3A_C_albicans_SC5314	1448048	1448061	14	1448057	1448060	4	2	
3636-1/3636-2	Ca22chr4A_C_albicans_SC5314	847297	849296	2000	847392	847413	22	2	
3636-1/3636-2	Ca22chr4A_C_albicans_SC5314	896751	902154	5404	898595	898694	100	14	
3636-1/3636-2	Ca22chr4A_C_albicans_SC5314	1195376	1195532	157	1195382	1195404	23	6	
3636-1/3636-2	Ca22chr4A_C_albicans_SC5314	1198084	1198143	60	1198106	1198123	18	2	
3636-1/3636-2	Ca22chr4A_C_albicans_SC5314	1203325	1203385	61	1203355	1203370	16	2	
3636-1/3636-2	Ca22chr4A_C_albicans_SC5314	1208925	1208993	69	1208948	1208962	15	3	
3636-1/3636-2	Ca22chr5A_C_albicans_SC5314	173044	173533	490	173152	173195	44	7	
3636-1/3636-2	Ca22chr5A_C_albicans_SC5314	495023	495169	147	495046	495129	84	10	
3636-1/3636-2	Ca22chr5A_C_albicans_SC5314	723909	724249	341	723924	723998	75	4	
3636-1/3636-2	Ca22chr5A_C_albicans_SC5314	724728	725017	290	724935	724937	3	2	
3636-1/3636-2	Ca22chr5A_C_albicans_SC5314	969130	969186	57	969155	969166	12	2	
3636-1/3636-2	Ca22chr5A_C_albicans_SC5314	1165990	1184689	18700	1182395	1182407	13	4	
3636-1/3636-2	Ca22chr6A_C_albicans_SC5314	96963	98419	1457	97490	97494	5	2	
3636-1/3636-2	Ca22chr6A_C_albicans_SC5314	160746	160986	241	160788	160794	7	3	
3636-1/3636-2	Ca22chr6A_C_albicans_SC5314	562691	563689	999	563630	563636	7	2	
3636-1/3636-2	Ca22chr6A_C_albicans_SC5314	748353	750825	2473	750773	750799	27	6	
3636-1/3636-2	Ca22chr6A_C_albicans_SC5314	796872	797096	225	797001	797074	74	10	
3636-1/3636-2	Ca22chr6A_C_albicans_SC5314	799039	801520	2482	801150	801197	48	12	
3636-1/3636-2	Ca22chr6A_C_albicans_SC5314	860132	861925	1794	860879	861915	1037	4	
3636-1/3636-2	Ca22chr6A_C_albicans_SC5314	869114	869169	56	869150	869165	16	3	
3636-1/3636-2	Ca22chr6A_C_albicans_SC5314	870511	870553	43	870514	870516	3	2	
3636-1/3636-2	Ca22chr6A_C_albicans_SC5314	874478	874500	23	874486	874491	6	2	
3636-1/3636-2	Ca22chr6A_C_albicans_SC5314	874503	874527	25	874519	874523	5	2	
3636-1/3636-2	Ca22chr6A_C_albicans_SC5314	874527	874773	247	874528	874540	13	2	
3636-1/3636-2	Ca22chr7A_C_albicans_SC5314	7772	17956	10185	12646	12727	82	12	
3636-1/3636-2	Ca22chr7A_C_albicans_SC5314	237071	237215	145	237172	237214	43	4	
3636-1/3636-2	Ca22chr7A_C_albicans_SC5314	239733	240049	317	239827	239873	47	4	
3636-1/3636-2	Ca22chr7A_C_albicans_SC5314	728361	728669	309	728406	728424	19	2	
3636-1/3636-2	Ca22chr7A_C_albicans_SC5314	755828	756224	397	755983	755991	9	2	
3636-1/3636-2	Ca22chr7A_C_albicans_SC5314	944449	944800	352	944453	944457	5	3	
3636-1/3636-2	Ca22chrRA_C_albicans_SC5314	395674	396211	538	395780	395909	130	12	
3636-1/3636-2	Ca22chrRA_C_albicans_SC5314	510753	510951	199	510882	510885	4	2	
3636-1/3636-2	Ca22chrRA_C_albicans_SC5314	594812	595034	223	594996	595020	25	2	
3636-1/3636-2	Ca22chrRA_C_albicans_SC5314	595185	595225	41	595216	595223	8	2	
3636-1/3636-2	Ca22chrRA_C_albicans_SC5314	849654	849890	237	849764	849783	20	2	
3636-1/3636-2	Ca22chrRA_C_albicans_SC5314	1190698	1191285	588	1190910	1191064	155	5	
3636-1/3636-2	Ca22chrRA_C_albicans_SC5314	1346231	1346346	116	1346259	1346261	3	2	
3636-1/3636-2	Ca22chrRA_C_albicans_SC5314	1356801	1357145	345	1356817	1356883	67	9	
3636-1/3636-2	Ca22chrRA_C_albicans_SC5314	1406070	1407297	1228	1406791	1406826	36	5	
3636-1/3636-2	Ca22chrRA_C_albicans_SC5314	1711509	1711585	77	1711547	1711560	14	3	
3636-1/3636-3	Ca22chr1A_C_albicans_SC5314	6432	6835	404	6783	6802	20	3	
3636-1/3636-3	Ca22chr1A_C_albicans_SC5314	6838	7214	377	6840	6865	26	3	
3636-1/3636-3	Ca22chr1A_C_albicans_SC5314	806028	806127	100	806082	806084	3	2	
3636-1/3636-3	Ca22chr1A_C_albicans_SC5314	843371	843434	64	843389	843428	40	6	
3636-1/3636-3	Ca22chr1A_C_albicans_SC5314	867670	871903	4234	867673	867697	25	6	
3636-1/3636-3	Ca22chr1A_C_albicans_SC5314	1684373	1684397	25	1684391	1684396	6	2	
3636-1/3636-3	Ca22chr1A_C_albicans_SC5314	1684397	1684436	40	1684405	1684428	24	5	
3636-1/3636-3	Ca22chr1A_C_albicans_SC5314	1685885	1686059	175	1685910	1686020	111	8	
3636-1/3636-3	Ca22chr1A_C_albicans_SC5314	2223328	2223397	70	2223349	2223379	31	9	
3636-1/3636-3	Ca22chr2A_C_albicans_SC5314	403251	403417	167	403390	403394	5	2	
3636-1/3636-3	Ca22chr2A_C_albicans_SC5314	403426	459192	55767	403559	403561	3	2	
3636-1/3636-3	Ca22chr2A_C_albicans_SC5314	2141531	2141678	148	2141645	2141647	3	2	
3636-1/3636-3	Ca22chr2A_C_albicans_SC5314	2142047	2142164	118	2142093	2142095	3	2	
3636-1/3636-3	Ca22chr2A_C_albicans_SC5314	2146511	2146745	235	2146677	2146692	16	3	
3636-1/3636-3	Ca22chr3A_C_albicans_SC5314	25181	28562	3382	27386	27393	8	3	
3636-1/3636-3	Ca22chr3A_C_albicans_SC5314	566612	566847	236	566640	566708	69	7	
3636-1/3636-3	Ca22chr3A_C_albicans_SC5314	663332	667364	4033	663468	663480	13	3	
3636-1/3636-3	Ca22chr3A_C_albicans_SC5314	888911	889236	326	889165	889222	58	5	
3636-1/3636-3	Ca22chr3A_C_albicans_SC5314	1278936	1281361	2426	1280655	1280674	20	5	
3636-1/3636-3	Ca22chr3A_C_albicans_SC5314	1289160	1289524	365	1289409	1289413	5	2	
3636-1/3636-3	Ca22chr3A_C_albicans_SC5314	1407065	1408212	1148	1408014	1408043	30	6	
3636-1/3636-3	Ca22chr3A_C_albicans_SC5314	1448057	1448067	11	1448061	1448063	3	2	
3636-1/3636-3	Ca22chr4A_C_albicans_SC5314	833450	833485	36	833461	833480	20	5	
3636-1/3636-3	Ca22chr4A_C_albicans_SC5314	847297	849296	2000	847392	847413	22	2	
3636-1/3636-3	Ca22chr4A_C_albicans_SC5314	896751	902154	5404	898595	898694	100	14	
3636-1/3636-3	Ca22chr4A_C_albicans_SC5314	1597444	1598550	1107	1597471	1597480	10	3	
3636-1/3636-3	Ca22chr5A_C_albicans_SC5314	494119	494793	675	494141	494147	7	2	
3636-1/3636-3	Ca22chr5A_C_albicans_SC5314	723893	723970	78	723909	723924	16	2	
3636-1/3636-3	Ca22chr5A_C_albicans_SC5314	723970	723997	28	723986	723987	2	2	
3636-1/3636-3	Ca22chr5A_C_albicans_SC5314	724728	725708	981	724935	724937	3	2	
3636-1/3636-3	Ca22chr5A_C_albicans_SC5314	745735	747044	1310	747013	747018	6	2	
3636-1/3636-3	Ca22chr5A_C_albicans_SC5314	1182395	1182410	16	1182401	1182407	7	3	
3636-1/3636-3	Ca22chr6A_C_albicans_SC5314	96963	98419	1457	97490	97494	5	2	
3636-1/3636-3	Ca22chr6A_C_albicans_SC5314	192967	193129	163	192985	193006	22	2	
3636-1/3636-3	Ca22chr6A_C_albicans_SC5314	198335	198730	396	198373	198442	70	15	
3636-1/3636-3	Ca22chr6A_C_albicans_SC5314	860132	862147	2016	860879	861925	1047	6	
3636-1/3636-3	Ca22chr6A_C_albicans_SC5314	869114	869171	58	869150	869169	20	4	
3636-1/3636-3	Ca22chr6A_C_albicans_SC5314	869999	870469	471	870272	870283	12	2	
3636-1/3636-3	Ca22chr6A_C_albicans_SC5314	870511	870553	43	870514	870516	3	2	
3636-1/3636-3	Ca22chr6A_C_albicans_SC5314	872285	872864	580	872764	872840	77	7	
3636-1/3636-3	Ca22chr6A_C_albicans_SC5314	873067	873195	129	873150	873193	44	5	
3636-1/3636-3	Ca22chr6A_C_albicans_SC5314	874478	874500	23	874486	874491	6	2	
3636-1/3636-3	Ca22chr6A_C_albicans_SC5314	874503	874527	25	874519	874523	5	2	
3636-1/3636-3	Ca22chr6A_C_albicans_SC5314	874527	874773	247	874528	874540	13	2	
3636-1/3636-3	Ca22chr6A_C_albicans_SC5314	874835	874986	152	874925	874939	15	3	
3636-1/3636-3	Ca22chr7A_C_albicans_SC5314	230409	233736	3328	231140	232281	1142	2	
3636-1/3636-3	Ca22chr7A_C_albicans_SC5314	233736	233878	143	233823	233861	39	5	
3636-1/3636-3	Ca22chr7A_C_albicans_SC5314	237071	237215	145	237172	237214	43	4	
3636-1/3636-3	Ca22chr7A_C_albicans_SC5314	238486	238869	384	238490	238610	121	4	
3636-1/3636-3	Ca22chr7A_C_albicans_SC5314	239123	239733	611	239201	239370	170	2	
3636-1/3636-3	Ca22chr7A_C_albicans_SC5314	577715	577747	33	577736	577746	11	2	
3636-1/3636-3	Ca22chr7A_C_albicans_SC5314	577747	577811	65	577770	577796	27	3	
3636-1/3636-3	Ca22chr7A_C_albicans_SC5314	581143	581233	91	581177	581230	54	3	
3636-1/3636-3	Ca22chr7A_C_albicans_SC5314	581233	581247	15	581234	581240	7	2	
3636-1/3636-3	Ca22chr7A_C_albicans_SC5314	581301	581362	62	581326	581332	7	3	
3636-1/3636-3	Ca22chr7A_C_albicans_SC5314	728361	728669	309	728406	728424	19	2	
3636-1/3636-3	Ca22chr7A_C_albicans_SC5314	755828	756224	397	755983	755991	9	2	
3636-1/3636-3	Ca22chrRA_C_albicans_SC5314	595185	595225	41	595216	595223	8	2	
3636-1/3636-3	Ca22chrRA_C_albicans_SC5314	1190698	1191285	588	1190910	1191064	155	5	
3636-1/3636-3	Ca22chrRA_C_albicans_SC5314	1232152	1233150	999	1232171	1232188	18	2	
3636-1/3636-3	Ca22chrRA_C_albicans_SC5314	1346231	1346346	116	1346259	1346261	3	2	
3636-1/3636-3	Ca22chrRA_C_albicans_SC5314	1356295	1356446	152	1356417	1356430	14	2	
3636-1/3636-3	Ca22chrRA_C_albicans_SC5314	1356446	1356499	54	1356449	1356473	25	2	
3636-1/3636-3	Ca22chrRA_C_albicans_SC5314	1357890	1358223	334	1357914	1357925	12	2	
3636-1/3636-3	Ca22chrRA_C_albicans_SC5314	1711509	1711585	77	1711547	1711560	14	3	
